 0.000000000000000E+000
 3.801014329843905E-003
 4.158960170575102E-003
 4.191910372979940E-003
 4.206168050204463E-003
 4.212439176451263E-003
 4.235190502965497E-003
 4.253579842326580E-003
 4.269301472296967E-003
 4.275938093873320E-003
 4.273645812662571E-003
 4.271838619464789E-003
 4.265360523216266E-003
 4.251946530451509E-003
 4.259307809972463E-003
 4.271878779824510E-003
 4.278559454188209E-003
 4.256253123311997E-003
 4.280073342487090E-003
 4.322813888317049E-003
 4.342280382028224E-003
